<?xml version="1.0"?>
<opencv_storage>
<Rotation type_id="opencv-matrix">
  <rows>13</rows>
  <cols>3</cols>
  <dt>f</dt>
  <data>
    2.00602889 2.00677538 -0.12848902 -1.92647147 -2.62339807 0.12177704
    -0.46994826 -3.28138089 0.20257300 -2.11575437 -2.09120440
    -0.19530326 -0.60706949 -3.16143274 0.30318379 -1.78597558
    -2.61567020 0.23900856 -1.81013811 -1.99272931 -0.61288965
    1.86259282 1.76358283 0.45577690 -0.04739743 2.71301103 0.88054395
    -2.13521981 -2.22913837 -0.51599586 1.94396901 2.14913177
    -0.08500957 -1.08202558e-03 2.80808783 0.87036502 0.35539156
    2.85115862 -0.17968851</data></Rotation>
</opencv_storage>
