<?xml version="1.0"?>
<opencv_storage>
<Translation type_id="opencv-matrix">
  <rows>13</rows>
  <cols>3</cols>
  <dt>f</dt>
  <data>
    -2.38801956 -2.23789811 13.18390369 -2.48493814 -2.42863202
    13.44061947 -0.14713256 -2.53529263 13.84080315 -2.57269144
    -2.80244303 16.11647224 -0.24194892 -3.25761914 15.95685291
    -2.86441851 -3.16716719 15.85172749 -2.54389524 -3.02925730
    16.50096893 -1.58772838 -1.21071577 8.33911037 -0.05993560
    -1.44367337 10.02566338 -2.15540695 -1.74369884 11.37731743
    -2.18540764 -1.79950571 10.97507858 -0.22561991 -1.88095117
    12.13330746 0.10499531 -1.92353117 11.51753235</data></Translation>
</opencv_storage>
